time,station_x,latitude_x,longitude_x,tas,Year,T,station_y,latitude_y,longitude_y,RH,HI,Hot_Day,Heat_Wave_Day
2011-01-01T12:00:00Z,GridPointRequestedAt[42.360N_71.058W],42.375,-71.125,273.49786,2011,32.62614800000004,GridPointRequestedAt[42.360N_71.058W],42.375,-71.125,65.50772,30.646886820000045,False,False
2011-01-02T12:00:00Z,GridPointRequestedAt[42.360N_71.058W],42.375,-71.125,273.51416,2011,32.65548800000005,GridPointRequestedAt[42.360N_71.058W],42.375,-71.125,69.73532,30.77704242000005,False,False
2011-01-03T12:00:00Z,GridPointRequestedAt[42.360N_71.058W],42.375,-71.125,277.51218,2011,39.85192400000004,GridPointRequestedAt[42.360N_71.058W],42.375,-71.125,85.32093,38.699562055000044,False,False
2011-01-04T12:00:00Z,GridPointRequestedAt[42.360N_71.058W],42.375,-71.125,276.84564,2011,38.65215200000005,GridPointRequestedAt[42.360N_71.058W],42.375,-71.125,77.85947,37.26445714500005,False,False
2011-01-05T12:00:00Z,GridPointRequestedAt[42.360N_71.058W],42.375,-71.125,272.66858,2011,31.133444000000075,GridPointRequestedAt[42.360N_71.058W],42.375,-71.125,63.029716,29.021314526000083,False,False
2011-01-06T12:00:00Z,GridPointRequestedAt[42.360N_71.058W],42.375,-71.125,267.80698,2011,22.38256400000006,GridPointRequestedAt[42.360N_71.058W],42.375,-71.125,63.12691,19.83517458500006,False,False
2011-01-07T12:00:00Z,GridPointRequestedAt[42.360N_71.058W],42.375,-71.125,263.5376,2011,14.697680000000036,GridPointRequestedAt[42.360N_71.058W],42.375,-71.125,72.24126,11.980233610000038,False,False
2011-01-08T12:00:00Z,GridPointRequestedAt[42.360N_71.058W],42.375,-71.125,266.4573,2011,19.95314,GridPointRequestedAt[42.360N_71.058W],42.375,-71.125,67.904625,17.396555687500005,False,False
2011-01-09T12:00:00Z,GridPointRequestedAt[42.360N_71.058W],42.375,-71.125,272.4533,2011,30.745940000000065,GridPointRequestedAt[42.360N_71.058W],42.375,-71.125,73.374664,28.85754160400007,False,False
2011-01-10T12:00:00Z,GridPointRequestedAt[42.360N_71.058W],42.375,-71.125,275.08377,2011,35.480786000000066,GridPointRequestedAt[42.360N_71.058W],42.375,-71.125,83.87936,34.07599026000007,False,False
2011-01-11T12:00:00Z,GridPointRequestedAt[42.360N_71.058W],42.375,-71.125,273.64026,2011,32.88246800000006,GridPointRequestedAt[42.360N_71.058W],42.375,-71.125,79.47053,31.244148855000063,False,False
2011-01-12T12:00:00Z,GridPointRequestedAt[42.360N_71.058W],42.375,-71.125,266.46106,2011,19.959907999999995,GridPointRequestedAt[42.360N_71.058W],42.375,-71.125,79.33558,17.672289529999997,False,False
2011-01-13T12:00:00Z,GridPointRequestedAt[42.360N_71.058W],42.375,-71.125,264.0491,2011,15.61838000000006,GridPointRequestedAt[42.360N_71.058W],42.375,-71.125,80.69799,13.145701765000064,False,False
2011-01-14T12:00:00Z,GridPointRequestedAt[42.360N_71.058W],42.375,-71.125,267.2421,2011,21.36578000000003,GridPointRequestedAt[42.360N_71.058W],42.375,-71.125,72.98909,18.99931261500003,False,False
2011-01-15T12:00:00Z,GridPointRequestedAt[42.360N_71.058W],42.375,-71.125,273.60815,2011,32.82467000000008,GridPointRequestedAt[42.360N_71.058W],42.375,-71.125,78.59734,31.162940990000088,False,False
2011-01-16T12:00:00Z,GridPointRequestedAt[42.360N_71.058W],42.375,-71.125,280.07324,2011,44.46183200000004,GridPointRequestedAt[42.360N_71.058W],42.375,-71.125,89.78742,43.64492797000004,False,False
2011-01-17T12:00:00Z,GridPointRequestedAt[42.360N_71.058W],42.375,-71.125,275.90524,2011,36.95943200000003,GridPointRequestedAt[42.360N_71.058W],42.375,-71.125,69.645805,35.29408001750003,False,False
2011-01-18T12:00:00Z,GridPointRequestedAt[42.360N_71.058W],42.375,-71.125,274.6344,2011,34.67192000000009,GridPointRequestedAt[42.360N_71.058W],42.375,-71.125,64.73024,32.7766766400001,False,False
2011-01-19T12:00:00Z,GridPointRequestedAt[42.360N_71.058W],42.375,-71.125,273.72174,2011,33.02913200000006,GridPointRequestedAt[42.360N_71.058W],42.375,-71.125,62.889084,31.008482074000064,False,False
2011-01-20T12:00:00Z,GridPointRequestedAt[42.360N_71.058W],42.375,-71.125,275.56305,2011,36.34349,GridPointRequestedAt[42.360N_71.058W],42.375,-71.125,69.970764,34.654977454000004,False,False
2011-01-21T12:00:00Z,GridPointRequestedAt[42.360N_71.058W],42.375,-71.125,275.3884,2011,36.02912000000002,GridPointRequestedAt[42.360N_71.058W],42.375,-71.125,64.34752,34.19274272000003,False,False
2011-01-22T12:00:00Z,GridPointRequestedAt[42.360N_71.058W],42.375,-71.125,277.92578,2011,40.59640399999999,GridPointRequestedAt[42.360N_71.058W],42.375,-71.125,71.65032,39.16000671999999,False,False
2011-01-23T12:00:00Z,GridPointRequestedAt[42.360N_71.058W],42.375,-71.125,271.60736,2011,29.22324800000009,GridPointRequestedAt[42.360N_71.058W],42.375,-71.125,63.351097,27.023161179500097,False,False
2011-01-24T12:00:00Z,GridPointRequestedAt[42.360N_71.058W],42.375,-71.125,267.45044,2011,21.740792000000067,GridPointRequestedAt[42.360N_71.058W],42.375,-71.125,60.97529,19.11075091500007,False,False
2011-01-25T12:00:00Z,GridPointRequestedAt[42.360N_71.058W],42.375,-71.125,271.13678,2011,28.37620400000002,GridPointRequestedAt[42.360N_71.058W],42.375,-71.125,72.31876,26.344505060000017,False,False
2011-01-26T12:00:00Z,GridPointRequestedAt[42.360N_71.058W],42.375,-71.125,265.30734,2011,17.88321200000006,GridPointRequestedAt[42.360N_71.058W],42.375,-71.125,72.818954,15.338618019000062,False,False
2011-01-27T12:00:00Z,GridPointRequestedAt[42.360N_71.058W],42.375,-71.125,268.70312,2011,23.995616000000062,GridPointRequestedAt[42.360N_71.058W],42.375,-71.125,73.43959,21.77122716500007,False,False
2011-01-28T12:00:00Z,GridPointRequestedAt[42.360N_71.058W],42.375,-71.125,277.3706,2011,39.59708000000008,GridPointRequestedAt[42.360N_71.058W],42.375,-71.125,78.98823,38.2831574050001,False,False
2011-01-29T12:00:00Z,GridPointRequestedAt[42.360N_71.058W],42.375,-71.125,272.71677,2011,31.220186000000037,GridPointRequestedAt[42.360N_71.058W],42.375,-71.125,68.41912,29.23904462000004,False,False
2011-01-30T12:00:00Z,GridPointRequestedAt[42.360N_71.058W],42.375,-71.125,268.0558,2011,22.83044,GridPointRequestedAt[42.360N_71.058W],42.375,-71.125,65.68185,20.365485475,False,False
2011-02-01T12:00:00Z,GridPointRequestedAt[42.360N_71.058W],42.375,-71.125,262.93842,2011,13.619156000000054,GridPointRequestedAt[42.360N_71.058W],42.375,-71.125,69.976654,10.79456516900006,False,False
2011-02-02T12:00:00Z,GridPointRequestedAt[42.360N_71.058W],42.375,-71.125,267.01538,2011,20.95768400000003,GridPointRequestedAt[42.360N_71.058W],42.375,-71.125,65.72047,18.399999245000032,False,False
2011-02-03T12:00:00Z,GridPointRequestedAt[42.360N_71.058W],42.375,-71.125,274.3716,2011,34.198880000000045,GridPointRequestedAt[42.360N_71.058W],42.375,-71.125,89.98361,32.873438835000044,False,False
2011-02-04T12:00:00Z,GridPointRequestedAt[42.360N_71.058W],42.375,-71.125,279.23773,2011,42.95791400000004,GridPointRequestedAt[42.360N_71.058W],42.375,-71.125,87.27887,42.00686314500004,False,False
2011-02-05T12:00:00Z,GridPointRequestedAt[42.360N_71.058W],42.375,-71.125,274.60617,2011,34.62110600000008,GridPointRequestedAt[42.360N_71.058W],42.375,-71.125,65.381035,32.73861562250009,False,False
2011-02-06T12:00:00Z,GridPointRequestedAt[42.360N_71.058W],42.375,-71.125,270.77698,2011,27.72856400000001,GridPointRequestedAt[42.360N_71.058W],42.375,-71.125,60.0251,25.375582050000006,False,False
2011-02-07T12:00:00Z,GridPointRequestedAt[42.360N_71.058W],42.375,-71.125,272.32755,2011,30.519589999999997,GridPointRequestedAt[42.360N_71.058W],42.375,-71.125,62.75438,28.370297429999994,False,False
2011-02-08T12:00:00Z,GridPointRequestedAt[42.360N_71.058W],42.375,-71.125,274.90402,2011,35.15723600000005,GridPointRequestedAt[42.360N_71.058W],42.375,-71.125,62.582253,33.23578074550005,False,False
2011-02-09T12:00:00Z,GridPointRequestedAt[42.360N_71.058W],42.375,-71.125,275.2594,2011,35.79692000000009,GridPointRequestedAt[42.360N_71.058W],42.375,-71.125,65.0186,33.964703100000094,False,False
2011-02-10T12:00:00Z,GridPointRequestedAt[42.360N_71.058W],42.375,-71.125,275.05878,2011,35.43580400000006,GridPointRequestedAt[42.360N_71.058W],42.375,-71.125,62.08534,33.516599690000064,False,False
2011-02-11T12:00:00Z,GridPointRequestedAt[42.360N_71.058W],42.375,-71.125,272.18,2011,30.25400000000005,GridPointRequestedAt[42.360N_71.058W],42.375,-71.125,53.859406,27.88239604100005,False,False
2011-02-12T12:00:00Z,GridPointRequestedAt[42.360N_71.058W],42.375,-71.125,269.48795,2011,25.408310000000064,GridPointRequestedAt[42.360N_71.058W],42.375,-71.125,55.64774,22.836447390000068,False,False
2011-02-13T12:00:00Z,GridPointRequestedAt[42.360N_71.058W],42.375,-71.125,269.2646,2011,25.006279999999997,GridPointRequestedAt[42.360N_71.058W],42.375,-71.125,75.28078,22.87569233,False,False
2011-02-14T12:00:00Z,GridPointRequestedAt[42.360N_71.058W],42.375,-71.125,269.12408,2011,24.753344000000027,GridPointRequestedAt[42.360N_71.058W],42.375,-71.125,76.41171,22.63668638500003,False,False
2011-02-15T12:00:00Z,GridPointRequestedAt[42.360N_71.058W],42.375,-71.125,269.98126,2011,26.29626800000008,GridPointRequestedAt[42.360N_71.058W],42.375,-71.125,74.48489,24.211476315000084,False,False
2011-02-16T12:00:00Z,GridPointRequestedAt[42.360N_71.058W],42.375,-71.125,267.33694,2011,21.536492000000088,GridPointRequestedAt[42.360N_71.058W],42.375,-71.125,73.81191,19.197896485000093,False,False
2011-02-17T12:00:00Z,GridPointRequestedAt[42.360N_71.058W],42.375,-71.125,266.50787,2011,20.04416600000009,GridPointRequestedAt[42.360N_71.058W],42.375,-71.125,70.50318,17.553199030000094,False,False
2011-02-18T12:00:00Z,GridPointRequestedAt[42.360N_71.058W],42.375,-71.125,273.17926,2011,32.05266800000004,GridPointRequestedAt[42.360N_71.058W],42.375,-71.125,77.87396,30.335339460000043,False,False
2011-02-19T12:00:00Z,GridPointRequestedAt[42.360N_71.058W],42.375,-71.125,271.77246,2011,29.520428000000084,GridPointRequestedAt[42.360N_71.058W],42.375,-71.125,76.0403,27.633396450000085,False,False
2011-02-20T12:00:00Z,GridPointRequestedAt[42.360N_71.058W],42.375,-71.125,265.0371,2011,17.396780000000057,GridPointRequestedAt[42.360N_71.058W],42.375,-71.125,75.523056,14.891410816000063,False,False
2011-02-21T12:00:00Z,GridPointRequestedAt[42.360N_71.058W],42.375,-71.125,268.50732,2011,23.64317600000003,GridPointRequestedAt[42.360N_71.058W],42.375,-71.125,69.789764,21.315394254000026,False,False
2011-02-22T12:00:00Z,GridPointRequestedAt[42.360N_71.058W],42.375,-71.125,267.6394,2011,22.080920000000084,GridPointRequestedAt[42.360N_71.058W],42.375,-71.125,74.71882,19.790858270000086,False,False
2011-02-23T12:00:00Z,GridPointRequestedAt[42.360N_71.058W],42.375,-71.125,268.65314,2011,23.905652000000053,GridPointRequestedAt[42.360N_71.058W],42.375,-71.125,72.20036,21.647643060000057,False,False
2011-02-24T12:00:00Z,GridPointRequestedAt[42.360N_71.058W],42.375,-71.125,268.23138,2011,23.146484000000044,GridPointRequestedAt[42.360N_71.058W],42.375,-71.125,70.929756,20.820657466000046,False,False
2011-02-25T12:00:00Z,GridPointRequestedAt[42.360N_71.058W],42.375,-71.125,269.82837,2011,26.02106600000005,GridPointRequestedAt[42.360N_71.058W],42.375,-71.125,71.38602,23.849690770000052,False,False
2011-02-26T12:00:00Z,GridPointRequestedAt[42.360N_71.058W],42.375,-71.125,270.22174,2011,26.72913200000006,GridPointRequestedAt[42.360N_71.058W],42.375,-71.125,76.2374,24.707167500000065,False,False
2011-02-27T12:00:00Z,GridPointRequestedAt[42.360N_71.058W],42.375,-71.125,270.60675,2011,27.42215,GridPointRequestedAt[42.360N_71.058W],42.375,-71.125,71.15614,25.31542679,False,False
2011-02-28T12:00:00Z,GridPointRequestedAt[42.360N_71.058W],42.375,-71.125,270.43335,2011,27.110030000000076,GridPointRequestedAt[42.360N_71.058W],42.375,-71.125,70.24091,24.966192885000083,False,False
2011-02-29T12:00:00Z,GridPointRequestedAt[42.360N_71.058W],42.375,-71.125,273.1497,2011,31.999460000000035,GridPointRequestedAt[42.360N_71.058W],42.375,-71.125,77.80377,30.277821595000034,False,False
2011-02-30T12:00:00Z,GridPointRequestedAt[42.360N_71.058W],42.375,-71.125,275.3009,2011,35.871620000000064,GridPointRequestedAt[42.360N_71.058W],42.375,-71.125,86.82994,34.55570459000006,False,False
2011-03-01T12:00:00Z,GridPointRequestedAt[42.360N_71.058W],42.375,-71.125,270.82654,2011,27.817772000000083,GridPointRequestedAt[42.360N_71.058W],42.375,-71.125,75.456276,25.831883086000087,False,False
2011-03-02T12:00:00Z,GridPointRequestedAt[42.360N_71.058W],42.375,-71.125,268.23767,2011,23.157806000000004,GridPointRequestedAt[42.360N_71.058W],42.375,-71.125,79.55536,21.035247260000006,False,False
2011-03-03T12:00:00Z,GridPointRequestedAt[42.360N_71.058W],42.375,-71.125,270.72076,2011,27.62736800000001,GridPointRequestedAt[42.360N_71.058W],42.375,-71.125,80.82356,25.758090060000015,False,False
2011-03-04T12:00:00Z,GridPointRequestedAt[42.360N_71.058W],42.375,-71.125,269.88995,2011,26.13191000000004,GridPointRequestedAt[42.360N_71.058W],42.375,-71.125,78.07338,24.12322993000004,False,False
2011-03-05T12:00:00Z,GridPointRequestedAt[42.360N_71.058W],42.375,-71.125,269.60373,2011,25.61671400000001,GridPointRequestedAt[42.360N_71.058W],42.375,-71.125,81.32646,23.658721510000007,False,False
2011-03-06T12:00:00Z,GridPointRequestedAt[42.360N_71.058W],42.375,-71.125,272.48102,2011,30.795836000000044,GridPointRequestedAt[42.360N_71.058W],42.375,-71.125,78.60864,29.032930840000045,False,False
2011-03-07T12:00:00Z,GridPointRequestedAt[42.360N_71.058W],42.375,-71.125,273.49686,2011,32.62434800000009,GridPointRequestedAt[42.360N_71.058W],42.375,-71.125,77.87371,30.935597585000096,False,False
2011-03-08T12:00:00Z,GridPointRequestedAt[42.360N_71.058W],42.375,-71.125,275.82324,2011,36.81183200000004,GridPointRequestedAt[42.360N_71.058W],42.375,-71.125,81.87977,35.42659819500004,False,False
2011-03-09T12:00:00Z,GridPointRequestedAt[42.360N_71.058W],42.375,-71.125,276.19745,2011,37.48541000000005,GridPointRequestedAt[42.360N_71.058W],42.375,-71.125,90.79652,36.34339872000005,False,False
2011-03-10T12:00:00Z,GridPointRequestedAt[42.360N_71.058W],42.375,-71.125,274.88458,2011,35.122244000000094,GridPointRequestedAt[42.360N_71.058W],42.375,-71.125,82.70753,33.6719831550001,False,False
2011-03-11T12:00:00Z,GridPointRequestedAt[42.360N_71.058W],42.375,-71.125,275.46985,2011,36.17573000000006,GridPointRequestedAt[42.360N_71.058W],42.375,-71.125,75.70672,34.613624420000065,False,False
2011-03-12T12:00:00Z,GridPointRequestedAt[42.360N_71.058W],42.375,-71.125,274.79517,2011,34.961306000000015,GridPointRequestedAt[42.360N_71.058W],42.375,-71.125,75.47552,33.33304602000001,False,False
2011-03-13T12:00:00Z,GridPointRequestedAt[42.360N_71.058W],42.375,-71.125,274.19595,2011,33.88271000000001,GridPointRequestedAt[42.360N_71.058W],42.375,-71.125,75.60471,32.20355618500001,False,False
2011-03-14T12:00:00Z,GridPointRequestedAt[42.360N_71.058W],42.375,-71.125,271.0504,2011,28.220720000000085,GridPointRequestedAt[42.360N_71.058W],42.375,-71.125,75.52252,26.25653522000009,False,False
2011-03-15T12:00:00Z,GridPointRequestedAt[42.360N_71.058W],42.375,-71.125,274.62524,2011,34.65543200000008,GridPointRequestedAt[42.360N_71.058W],42.375,-71.125,89.45974,33.340507490000086,False,False
2011-03-16T12:00:00Z,GridPointRequestedAt[42.360N_71.058W],42.375,-71.125,274.19427,2011,33.87968600000007,GridPointRequestedAt[42.360N_71.058W],42.375,-71.125,87.92231,32.48984458500007,False,False
2011-03-17T12:00:00Z,GridPointRequestedAt[42.360N_71.058W],42.375,-71.125,272.188,2011,30.26840000000002,GridPointRequestedAt[42.360N_71.058W],42.375,-71.125,79.69351,28.50461748500002,False,False
2011-03-18T12:00:00Z,GridPointRequestedAt[42.360N_71.058W],42.375,-71.125,273.02338,2011,31.772084,GridPointRequestedAt[42.360N_71.058W],42.375,-71.125,83.02763,30.161837505,False,False
2011-03-19T12:00:00Z,GridPointRequestedAt[42.360N_71.058W],42.375,-71.125,276.2738,2011,37.62284000000003,GridPointRequestedAt[42.360N_71.058W],42.375,-71.125,82.13783,36.284221005000035,False,False
2011-03-20T12:00:00Z,GridPointRequestedAt[42.360N_71.058W],42.375,-71.125,277.2932,2011,39.457760000000064,GridPointRequestedAt[42.360N_71.058W],42.375,-71.125,85.55834,38.29126899000007,False,False
2011-03-21T12:00:00Z,GridPointRequestedAt[42.360N_71.058W],42.375,-71.125,279.0156,2011,42.55808000000005,GridPointRequestedAt[42.360N_71.058W],42.375,-71.125,93.954285,41.743909697500044,False,False
2011-03-22T12:00:00Z,GridPointRequestedAt[42.360N_71.058W],42.375,-71.125,276.05518,2011,37.229324000000055,GridPointRequestedAt[42.360N_71.058W],42.375,-71.125,81.87547,35.86486374500006,False,False
2011-03-23T12:00:00Z,GridPointRequestedAt[42.360N_71.058W],42.375,-71.125,275.90866,2011,36.96558800000004,GridPointRequestedAt[42.360N_71.058W],42.375,-71.125,76.36271,35.458391085000045,False,False
2011-03-24T12:00:00Z,GridPointRequestedAt[42.360N_71.058W],42.375,-71.125,276.28735,2011,37.64723000000005,GridPointRequestedAt[42.360N_71.058W],42.375,-71.125,78.78344,36.23100234000005,False,False
2011-03-25T12:00:00Z,GridPointRequestedAt[42.360N_71.058W],42.375,-71.125,273.78128,2011,33.13630400000001,GridPointRequestedAt[42.360N_71.058W],42.375,-71.125,77.3455,31.460738450000008,False,False
2011-03-26T12:00:00Z,GridPointRequestedAt[42.360N_71.058W],42.375,-71.125,273.34097,2011,32.34374600000009,GridPointRequestedAt[42.360N_71.058W],42.375,-71.125,78.61351,30.658350785000096,False,False
2011-03-27T12:00:00Z,GridPointRequestedAt[42.360N_71.058W],42.375,-71.125,276.56555,2011,38.14798999999999,GridPointRequestedAt[42.360N_71.058W],42.375,-71.125,79.20783,36.76677350499999,False,False
2011-03-28T12:00:00Z,GridPointRequestedAt[42.360N_71.058W],42.375,-71.125,277.4458,2011,39.73244000000008,GridPointRequestedAt[42.360N_71.058W],42.375,-71.125,76.26019,38.361176465000085,False,False
2011-03-29T12:00:00Z,GridPointRequestedAt[42.360N_71.058W],42.375,-71.125,277.90912,2011,40.56641599999999,GridPointRequestedAt[42.360N_71.058W],42.375,-71.125,77.580734,39.26788404899999,False,False
2011-03-30T12:00:00Z,GridPointRequestedAt[42.360N_71.058W],42.375,-71.125,279.84418,2011,44.049524000000034,GridPointRequestedAt[42.360N_71.058W],42.375,-71.125,78.41781,42.944818735000034,False,False
2011-04-01T12:00:00Z,GridPointRequestedAt[42.360N_71.058W],42.375,-71.125,282.9335,2011,49.61030000000001,GridPointRequestedAt[42.360N_71.058W],42.375,-71.125,88.405655,49.01834789250001,False,False
2011-04-02T12:00:00Z,GridPointRequestedAt[42.360N_71.058W],42.375,-71.125,280.72946,2011,45.64302800000007,GridPointRequestedAt[42.360N_71.058W],42.375,-71.125,83.76453,44.74364585500008,False,False
2011-04-03T12:00:00Z,GridPointRequestedAt[42.360N_71.058W],42.375,-71.125,282.97162,2011,49.678916,GridPointRequestedAt[42.360N_71.058W],42.375,-71.125,92.68561,49.190973635000006,False,False
2011-04-04T12:00:00Z,GridPointRequestedAt[42.360N_71.058W],42.375,-71.125,280.54126,2011,45.30426800000008,GridPointRequestedAt[42.360N_71.058W],42.375,-71.125,72.05275,44.112721025000084,False,False
2011-04-05T12:00:00Z,GridPointRequestedAt[42.360N_71.058W],42.375,-71.125,280.90552,2011,45.95993600000008,GridPointRequestedAt[42.360N_71.058W],42.375,-71.125,74.952,44.86930480000008,False,False
2011-04-06T12:00:00Z,GridPointRequestedAt[42.360N_71.058W],42.375,-71.125,283.93802,2011,51.41843600000003,GridPointRequestedAt[42.360N_71.058W],42.375,-71.125,85.97302,50.85972377000003,False,False
2011-04-07T12:00:00Z,GridPointRequestedAt[42.360N_71.058W],42.375,-71.125,286.10675,2011,55.32215,GridPointRequestedAt[42.360N_71.058W],42.375,-71.125,87.473755,54.9938907425,False,False
2011-04-08T12:00:00Z,GridPointRequestedAt[42.360N_71.058W],42.375,-71.125,282.59253,2011,48.99655400000006,GridPointRequestedAt[42.360N_71.058W],42.375,-71.125,81.501816,48.21167437600006,False,False
2011-04-09T12:00:00Z,GridPointRequestedAt[42.360N_71.058W],42.375,-71.125,281.82886,2011,47.62194800000008,GridPointRequestedAt[42.360N_71.058W],42.375,-71.125,78.90053,46.70720785500009,False,False
2011-04-10T12:00:00Z,GridPointRequestedAt[42.360N_71.058W],42.375,-71.125,281.8897,2011,47.73146000000005,GridPointRequestedAt[42.360N_71.058W],42.375,-71.125,81.96683,46.89425350500005,False,False
2011-04-11T12:00:00Z,GridPointRequestedAt[42.360N_71.058W],42.375,-71.125,286.0382,2011,55.19876000000007,GridPointRequestedAt[42.360N_71.058W],42.375,-71.125,95.567505,55.05453436750008,False,False
2011-04-12T12:00:00Z,GridPointRequestedAt[42.360N_71.058W],42.375,-71.125,285.71826,2011,54.62286800000002,GridPointRequestedAt[42.360N_71.058W],42.375,-71.125,77.58485,54.02725537500002,False,False
2011-04-13T12:00:00Z,GridPointRequestedAt[42.360N_71.058W],42.375,-71.125,284.34546,2011,52.151828000000044,GridPointRequestedAt[42.360N_71.058W],42.375,-71.125,76.17865,51.39961767500005,False,False
2011-04-14T12:00:00Z,GridPointRequestedAt[42.360N_71.058W],42.375,-71.125,284.8312,2011,53.02616000000008,GridPointRequestedAt[42.360N_71.058W],42.375,-71.125,83.070206,52.47961784100009,False,False
2011-04-15T12:00:00Z,GridPointRequestedAt[42.360N_71.058W],42.375,-71.125,284.6718,2011,52.73924000000007,GridPointRequestedAt[42.360N_71.058W],42.375,-71.125,86.3752,52.25601920000008,False,False
2011-04-16T12:00:00Z,GridPointRequestedAt[42.360N_71.058W],42.375,-71.125,284.46484,2011,52.36671200000001,GridPointRequestedAt[42.360N_71.058W],42.375,-71.125,81.10673,51.741055755000005,False,False
2011-04-17T12:00:00Z,GridPointRequestedAt[42.360N_71.058W],42.375,-71.125,285.05252,2011,53.42453600000007,GridPointRequestedAt[42.360N_71.058W],42.375,-71.125,83.00769,52.89644351500007,False,False
2011-04-18T12:00:00Z,GridPointRequestedAt[42.360N_71.058W],42.375,-71.125,288.1701,2011,59.03618000000002,GridPointRequestedAt[42.360N_71.058W],42.375,-71.125,92.20233,59.00474375500002,False,False
2011-04-19T12:00:00Z,GridPointRequestedAt[42.360N_71.058W],42.375,-71.125,286.4889,2011,56.01002000000004,GridPointRequestedAt[42.360N_71.058W],42.375,-71.125,83.16284,55.614847740000044,False,False
2011-04-20T12:00:00Z,GridPointRequestedAt[42.360N_71.058W],42.375,-71.125,284.3507,2011,52.16126000000007,GridPointRequestedAt[42.360N_71.058W],42.375,-71.125,88.94482,51.70952627000007,False,False
2011-04-21T12:00:00Z,GridPointRequestedAt[42.360N_71.058W],42.375,-71.125,284.66885,2011,52.73393000000008,GridPointRequestedAt[42.360N_71.058W],42.375,-71.125,82.38555,52.15668692500009,False,False
2011-04-22T12:00:00Z,GridPointRequestedAt[42.360N_71.058W],42.375,-71.125,283.78076,2011,51.135368000000014,GridPointRequestedAt[42.360N_71.058W],42.375,-71.125,73.44868,50.26818038000002,False,False
2011-04-23T12:00:00Z,GridPointRequestedAt[42.360N_71.058W],42.375,-71.125,284.2504,2011,51.98072000000006,GridPointRequestedAt[42.360N_71.058W],42.375,-71.125,77.30706,51.24647191000007,False,False
2011-04-24T12:00:00Z,GridPointRequestedAt[42.360N_71.058W],42.375,-71.125,284.30905,2011,52.08629000000006,GridPointRequestedAt[42.360N_71.058W],42.375,-71.125,84.67449,51.530455015000065,False,False
2011-04-25T12:00:00Z,GridPointRequestedAt[42.360N_71.058W],42.375,-71.125,284.04736,2011,51.615248000000086,GridPointRequestedAt[42.360N_71.058W],42.375,-71.125,80.42263,50.93594220500009,False,False
2011-04-26T12:00:00Z,GridPointRequestedAt[42.360N_71.058W],42.375,-71.125,285.7423,2011,54.66614000000004,GridPointRequestedAt[42.360N_71.058W],42.375,-71.125,76.837166,54.05512040100004,False,False
2011-04-27T12:00:00Z,GridPointRequestedAt[42.360N_71.058W],42.375,-71.125,285.0785,2011,53.47130000000008,GridPointRequestedAt[42.360N_71.058W],42.375,-71.125,76.98986,52.80412671000008,False,False
2011-04-28T12:00:00Z,GridPointRequestedAt[42.360N_71.058W],42.375,-71.125,285.3526,2011,53.96468000000003,GridPointRequestedAt[42.360N_71.058W],42.375,-71.125,76.74825,53.31649787500003,False,False
2011-04-29T12:00:00Z,GridPointRequestedAt[42.360N_71.058W],42.375,-71.125,286.37982,2011,55.81367600000003,GridPointRequestedAt[42.360N_71.058W],42.375,-71.125,79.5069,55.32277195000003,False,False
2011-04-30T12:00:00Z,GridPointRequestedAt[42.360N_71.058W],42.375,-71.125,283.96753,2011,51.47155400000006,GridPointRequestedAt[42.360N_71.058W],42.375,-71.125,63.15032,50.379164220000064,False,False
2011-05-01T12:00:00Z,GridPointRequestedAt[42.360N_71.058W],42.375,-71.125,283.8368,2011,51.23624000000001,GridPointRequestedAt[42.360N_71.058W],42.375,-71.125,66.34154,50.20707819000001,False,False
2011-05-02T12:00:00Z,GridPointRequestedAt[42.360N_71.058W],42.375,-71.125,286.88696,2011,56.726528000000016,GridPointRequestedAt[42.360N_71.058W],42.375,-71.125,76.39915,56.208234425000015,False,False
2011-05-03T12:00:00Z,GridPointRequestedAt[42.360N_71.058W],42.375,-71.125,287.88232,2011,58.518176000000025,GridPointRequestedAt[42.360N_71.058W],42.375,-71.125,79.15499,58.15422706500003,False,False
2011-05-04T12:00:00Z,GridPointRequestedAt[42.360N_71.058W],42.375,-71.125,289.4262,2011,61.297160000000034,GridPointRequestedAt[42.360N_71.058W],42.375,-71.125,90.20887,61.331926445000036,False,False
2011-05-05T12:00:00Z,GridPointRequestedAt[42.360N_71.058W],42.375,-71.125,287.0,2011,56.93000000000004,GridPointRequestedAt[42.360N_71.058W],42.375,-71.125,79.6788,56.49895180000004,False,False
2011-05-06T12:00:00Z,GridPointRequestedAt[42.360N_71.058W],42.375,-71.125,287.06702,2011,57.05063600000007,GridPointRequestedAt[42.360N_71.058W],42.375,-71.125,81.064995,56.658195182500066,False,False
2011-05-07T12:00:00Z,GridPointRequestedAt[42.360N_71.058W],42.375,-71.125,288.22192,2011,59.12945600000006,GridPointRequestedAt[42.360N_71.058W],42.375,-71.125,80.431625,58.826071987500065,False,False
2011-05-08T12:00:00Z,GridPointRequestedAt[42.360N_71.058W],42.375,-71.125,292.46692,2011,66.77045600000007,GridPointRequestedAt[42.360N_71.058W],42.375,-71.125,85.302315,66.96358320250008,False,False
2011-05-09T12:00:00Z,GridPointRequestedAt[42.360N_71.058W],42.375,-71.125,290.17242,2011,62.64035600000002,GridPointRequestedAt[42.360N_71.058W],42.375,-71.125,80.75872,62.52020372000002,False,False
2011-05-10T12:00:00Z,GridPointRequestedAt[42.360N_71.058W],42.375,-71.125,287.4896,2011,57.81128000000003,GridPointRequestedAt[42.360N_71.058W],42.375,-71.125,85.18694,57.553737090000034,False,False
2011-05-11T12:00:00Z,GridPointRequestedAt[42.360N_71.058W],42.375,-71.125,284.84943,2011,53.05897400000001,GridPointRequestedAt[42.360N_71.058W],42.375,-71.125,71.71719,52.247276665000015,False,False
2011-05-12T12:00:00Z,GridPointRequestedAt[42.360N_71.058W],42.375,-71.125,284.75616,2011,52.89108800000008,GridPointRequestedAt[42.360N_71.058W],42.375,-71.125,70.64414,52.04577969000009,False,False
2011-05-13T12:00:00Z,GridPointRequestedAt[42.360N_71.058W],42.375,-71.125,289.55438,2011,61.52788400000001,GridPointRequestedAt[42.360N_71.058W],42.375,-71.125,82.535835,61.39387032250001,False,False
2011-05-14T12:00:00Z,GridPointRequestedAt[42.360N_71.058W],42.375,-71.125,291.8232,2011,65.61176000000002,GridPointRequestedAt[42.360N_71.058W],42.375,-71.125,83.33345,65.70068407500003,False,False
2011-05-15T12:00:00Z,GridPointRequestedAt[42.360N_71.058W],42.375,-71.125,292.4835,2011,66.80030000000002,GridPointRequestedAt[42.360N_71.058W],42.375,-71.125,88.64706,67.07352091000001,False,False
2011-05-16T12:00:00Z,GridPointRequestedAt[42.360N_71.058W],42.375,-71.125,290.3692,2011,62.99456,GridPointRequestedAt[42.360N_71.058W],42.375,-71.125,92.53227,63.168796345000004,False,False
2011-05-17T12:00:00Z,GridPointRequestedAt[42.360N_71.058W],42.375,-71.125,289.44904,2011,61.33827200000009,GridPointRequestedAt[42.360N_71.058W],42.375,-71.125,94.58576,61.47795096000009,False,False
2011-05-18T12:00:00Z,GridPointRequestedAt[42.360N_71.058W],42.375,-71.125,289.81146,2011,61.99062800000006,GridPointRequestedAt[42.360N_71.058W],42.375,-71.125,95.56975,62.18604852500006,False,False
2011-05-19T12:00:00Z,GridPointRequestedAt[42.360N_71.058W],42.375,-71.125,292.79913,2011,67.36843400000002,GridPointRequestedAt[42.360N_71.058W],42.375,-71.125,94.872246,67.81635348100002,False,False
2011-05-20T12:00:00Z,GridPointRequestedAt[42.360N_71.058W],42.375,-71.125,292.5354,2011,66.89372,GridPointRequestedAt[42.360N_71.058W],42.375,-71.125,97.057816,67.369264676,False,False
2011-05-21T12:00:00Z,GridPointRequestedAt[42.360N_71.058W],42.375,-71.125,292.35687,2011,66.57236600000007,GridPointRequestedAt[42.360N_71.058W],42.375,-71.125,97.698235,67.04689282250007,False,False
2011-05-22T12:00:00Z,GridPointRequestedAt[42.360N_71.058W],42.375,-71.125,290.64502,2011,63.49103600000002,GridPointRequestedAt[42.360N_71.058W],42.375,-71.125,93.99748,63.724528580000026,False,False
2011-05-23T12:00:00Z,GridPointRequestedAt[42.360N_71.058W],42.375,-71.125,290.82812,2011,63.82061600000007,GridPointRequestedAt[42.360N_71.058W],42.375,-71.125,87.10424,63.90859644000008,False,False
2011-05-24T12:00:00Z,GridPointRequestedAt[42.360N_71.058W],42.375,-71.125,291.71344,2011,65.41419200000003,GridPointRequestedAt[42.360N_71.058W],42.375,-71.125,87.099335,65.58173597250003,False,False
2011-05-25T12:00:00Z,GridPointRequestedAt[42.360N_71.058W],42.375,-71.125,290.90665,2011,63.96197000000007,GridPointRequestedAt[42.360N_71.058W],42.375,-71.125,77.4486,63.83011060000007,False,False
2011-05-26T12:00:00Z,GridPointRequestedAt[42.360N_71.058W],42.375,-71.125,290.76007,2011,63.698126000000016,GridPointRequestedAt[42.360N_71.058W],42.375,-71.125,82.16928,63.664010380000015,False,False
2011-05-27T12:00:00Z,GridPointRequestedAt[42.360N_71.058W],42.375,-71.125,287.9099,2011,58.567820000000026,GridPointRequestedAt[42.360N_71.058W],42.375,-71.125,75.39797,58.11806329500003,False,False
2011-05-28T12:00:00Z,GridPointRequestedAt[42.360N_71.058W],42.375,-71.125,289.971,2011,62.27780000000005,GridPointRequestedAt[42.360N_71.058W],42.375,-71.125,78.88896,62.095580560000045,False,False
2011-05-29T12:00:00Z,GridPointRequestedAt[42.360N_71.058W],42.375,-71.125,291.56915,2011,65.15447,GridPointRequestedAt[42.360N_71.058W],42.375,-71.125,80.99092,65.16548012000001,False,False
2011-05-30T12:00:00Z,GridPointRequestedAt[42.360N_71.058W],42.375,-71.125,291.34656,2011,64.75380800000006,GridPointRequestedAt[42.360N_71.058W],42.375,-71.125,88.68971,64.92570658500006,False,False
2011-06-01T12:00:00Z,GridPointRequestedAt[42.360N_71.058W],42.375,-71.125,291.3882,2011,64.82876000000002,GridPointRequestedAt[42.360N_71.058W],42.375,-71.125,79.81503,64.79585120500002,False,False
2011-06-02T12:00:00Z,GridPointRequestedAt[42.360N_71.058W],42.375,-71.125,290.87616,2011,63.90708800000009,GridPointRequestedAt[42.360N_71.058W],42.375,-71.125,70.95461,63.61987573500009,False,False
2011-06-03T12:00:00Z,GridPointRequestedAt[42.360N_71.058W],42.375,-71.125,292.51373,2011,66.85471400000006,GridPointRequestedAt[42.360N_71.058W],42.375,-71.125,75.581924,66.82362491400006,False,False
2011-06-04T12:00:00Z,GridPointRequestedAt[42.360N_71.058W],42.375,-71.125,292.8866,2011,67.52588000000002,GridPointRequestedAt[42.360N_71.058W],42.375,-71.125,88.82224,67.83949664000002,False,False
2011-06-05T12:00:00Z,GridPointRequestedAt[42.360N_71.058W],42.375,-71.125,297.38586,2011,75.624548,GridPointRequestedAt[42.360N_71.058W],42.375,-71.125,89.73464,76.36453944,False,False
2011-06-06T12:00:00Z,GridPointRequestedAt[42.360N_71.058W],42.375,-71.125,296.72787,2011,74.44016600000003,GridPointRequestedAt[42.360N_71.058W],42.375,-71.125,86.156555,75.03685334250002,False,False
2011-06-07T12:00:00Z,GridPointRequestedAt[42.360N_71.058W],42.375,-71.125,292.8851,2011,67.52318000000008,GridPointRequestedAt[42.360N_71.058W],42.375,-71.125,70.31729,67.40179531500009,False,False
2011-06-08T12:00:00Z,GridPointRequestedAt[42.360N_71.058W],42.375,-71.125,290.23694,2011,62.75649200000005,GridPointRequestedAt[42.360N_71.058W],42.375,-71.125,85.63792,62.756807720000054,False,False
2011-06-09T12:00:00Z,GridPointRequestedAt[42.360N_71.058W],42.375,-71.125,289.36874,2011,61.19373200000005,GridPointRequestedAt[42.360N_71.058W],42.375,-71.125,82.04597,61.03149889500005,False,False
2011-06-10T12:00:00Z,GridPointRequestedAt[42.360N_71.058W],42.375,-71.125,290.21936,2011,62.72484800000003,GridPointRequestedAt[42.360N_71.058W],42.375,-71.125,72.305214,62.41026292900003,False,False
2011-06-11T12:00:00Z,GridPointRequestedAt[42.360N_71.058W],42.375,-71.125,292.51755,2011,66.86159000000009,GridPointRequestedAt[42.360N_71.058W],42.375,-71.125,75.22246,66.8223973100001,False,False
2011-06-12T12:00:00Z,GridPointRequestedAt[42.360N_71.058W],42.375,-71.125,295.43408,2011,72.11134400000003,GridPointRequestedAt[42.360N_71.058W],42.375,-71.125,87.8996,72.63255180000004,False,False
2011-06-13T12:00:00Z,GridPointRequestedAt[42.360N_71.058W],42.375,-71.125,294.726,2011,70.83680000000004,GridPointRequestedAt[42.360N_71.058W],42.375,-71.125,88.374466,71.30543995100004,False,False
2011-06-14T12:00:00Z,GridPointRequestedAt[42.360N_71.058W],42.375,-71.125,295.42453,2011,72.09415400000005,GridPointRequestedAt[42.360N_71.058W],42.375,-71.125,75.49698,72.32304073000006,False,False
2011-06-15T12:00:00Z,GridPointRequestedAt[42.360N_71.058W],42.375,-71.125,293.11856,2011,67.94340800000005,GridPointRequestedAt[42.360N_71.058W],42.375,-71.125,82.55275,68.13056802500006,False,False
2011-06-16T12:00:00Z,GridPointRequestedAt[42.360N_71.058W],42.375,-71.125,295.61407,2011,72.43532600000009,GridPointRequestedAt[42.360N_71.058W],42.375,-71.125,83.36138,72.8660847300001,False,False
2011-06-17T12:00:00Z,GridPointRequestedAt[42.360N_71.058W],42.375,-71.125,293.7303,2011,69.04454000000004,GridPointRequestedAt[42.360N_71.058W],42.375,-71.125,86.72617,69.38483199500004,False,False
2011-06-18T12:00:00Z,GridPointRequestedAt[42.360N_71.058W],42.375,-71.125,292.2732,2011,66.42175999999999,GridPointRequestedAt[42.360N_71.058W],42.375,-71.125,88.78812,66.67936882,False,False
2011-06-19T12:00:00Z,GridPointRequestedAt[42.360N_71.058W],42.375,-71.125,293.60785,2011,68.82413000000001,GridPointRequestedAt[42.360N_71.058W],42.375,-71.125,90.92144,69.25199034000002,False,False
2011-06-20T12:00:00Z,GridPointRequestedAt[42.360N_71.058W],42.375,-71.125,294.45334,2011,70.34601200000009,GridPointRequestedAt[42.360N_71.058W],42.375,-71.125,74.4548,70.4630004000001,False,False
2011-06-21T12:00:00Z,GridPointRequestedAt[42.360N_71.058W],42.375,-71.125,292.83557,2011,67.43402600000007,GridPointRequestedAt[42.360N_71.058W],42.375,-71.125,65.06219,67.18468876500008,False,False
2011-06-22T12:00:00Z,GridPointRequestedAt[42.360N_71.058W],42.375,-71.125,293.13193,2011,67.96747400000007,GridPointRequestedAt[42.360N_71.058W],42.375,-71.125,74.10832,67.95739322000007,False,False
2011-06-23T12:00:00Z,GridPointRequestedAt[42.360N_71.058W],42.375,-71.125,293.5946,2011,68.80028000000007,GridPointRequestedAt[42.360N_71.058W],42.375,-71.125,81.239334,68.99941834900008,False,False
2011-06-24T12:00:00Z,GridPointRequestedAt[42.360N_71.058W],42.375,-71.125,295.60266,2011,72.41478800000007,GridPointRequestedAt[42.360N_71.058W],42.375,-71.125,90.80048,73.01933868000008,False,False
2011-06-25T12:00:00Z,GridPointRequestedAt[42.360N_71.058W],42.375,-71.125,293.75592,2011,69.09065600000005,GridPointRequestedAt[42.360N_71.058W],42.375,-71.125,88.61699,69.47768806500005,False,False
2011-06-26T12:00:00Z,GridPointRequestedAt[42.360N_71.058W],42.375,-71.125,293.92487,2011,69.39476600000003,GridPointRequestedAt[42.360N_71.058W],42.375,-71.125,83.32704,69.67268974000004,False,False
2011-06-27T12:00:00Z,GridPointRequestedAt[42.360N_71.058W],42.375,-71.125,296.313,2011,73.69340000000003,GridPointRequestedAt[42.360N_71.058W],42.375,-71.125,84.15314,74.20566879000003,False,False
2011-06-28T12:00:00Z,GridPointRequestedAt[42.360N_71.058W],42.375,-71.125,297.96164,2011,76.66095200000002,GridPointRequestedAt[42.360N_71.058W],42.375,-71.125,91.57126,77.49592421000003,False,False
2011-06-29T12:00:00Z,GridPointRequestedAt[42.360N_71.058W],42.375,-71.125,296.98428,2011,74.90170400000007,GridPointRequestedAt[42.360N_71.058W],42.375,-71.125,83.77715,75.46555222500007,False,False
2011-06-30T12:00:00Z,GridPointRequestedAt[42.360N_71.058W],42.375,-71.125,295.22678,2011,71.73820400000008,GridPointRequestedAt[42.360N_71.058W],42.375,-71.125,81.1441,72.08200055000009,False,False
2011-07-01T12:00:00Z,GridPointRequestedAt[42.360N_71.058W],42.375,-71.125,294.1631,2011,69.82358000000002,GridPointRequestedAt[42.360N_71.058W],42.375,-71.125,81.864876,70.08858358600003,False,False
2011-07-02T12:00:00Z,GridPointRequestedAt[42.360N_71.058W],42.375,-71.125,296.39703,2011,73.84465399999999,GridPointRequestedAt[42.360N_71.058W],42.375,-71.125,84.29626,74.36784881,False,False
2011-07-03T12:00:00Z,GridPointRequestedAt[42.360N_71.058W],42.375,-71.125,297.47702,2011,75.78863600000001,GridPointRequestedAt[42.360N_71.058W],42.375,-71.125,87.12125,76.47541717500002,False,False
2011-07-04T12:00:00Z,GridPointRequestedAt[42.360N_71.058W],42.375,-71.125,300.21155,2011,80.71079000000002,GridPointRequestedAt[42.360N_71.058W],42.375,-71.125,88.78623,87.87965735797414,False,False
2011-07-05T12:00:00Z,GridPointRequestedAt[42.360N_71.058W],42.375,-71.125,298.4209,2011,77.48762000000008,GridPointRequestedAt[42.360N_71.058W],42.375,-71.125,84.73334,78.20323449000009,False,False
2011-07-06T12:00:00Z,GridPointRequestedAt[42.360N_71.058W],42.375,-71.125,296.64102,2011,74.2838360000001,GridPointRequestedAt[42.360N_71.058W],42.375,-71.125,92.94414,75.0322150900001,False,False
2011-07-07T12:00:00Z,GridPointRequestedAt[42.360N_71.058W],42.375,-71.125,295.62292,2011,72.45125600000009,GridPointRequestedAt[42.360N_71.058W],42.375,-71.125,82.88244,72.8715561400001,False,False
2011-07-08T12:00:00Z,GridPointRequestedAt[42.360N_71.058W],42.375,-71.125,295.11002,2011,71.52803600000007,GridPointRequestedAt[42.360N_71.058W],42.375,-71.125,76.44832,71.75097332000007,False,False
2011-07-09T12:00:00Z,GridPointRequestedAt[42.360N_71.058W],42.375,-71.125,295.5607,2011,72.33926000000004,GridPointRequestedAt[42.360N_71.058W],42.375,-71.125,83.882416,72.77745977600003,False,False
2011-07-10T12:00:00Z,GridPointRequestedAt[42.360N_71.058W],42.375,-71.125,297.28476,2011,75.44256800000005,GridPointRequestedAt[42.360N_71.058W],42.375,-71.125,94.155624,76.27735356400005,False,False
2011-07-11T12:00:00Z,GridPointRequestedAt[42.360N_71.058W],42.375,-71.125,295.71704,2011,72.62067200000004,GridPointRequestedAt[42.360N_71.058W],42.375,-71.125,93.22611,73.29251918500005,False,False
2011-07-12T12:00:00Z,GridPointRequestedAt[42.360N_71.058W],42.375,-71.125,297.72308,2011,76.23154400000001,GridPointRequestedAt[42.360N_71.058W],42.375,-71.125,87.408646,76.94722438100001,False,False
2011-07-13T12:00:00Z,GridPointRequestedAt[42.360N_71.058W],42.375,-71.125,299.9286,2011,80.20148000000007,GridPointRequestedAt[42.360N_71.058W],42.375,-71.125,89.45595,86.7176263265112,False,False
2011-07-14T12:00:00Z,GridPointRequestedAt[42.360N_71.058W],42.375,-71.125,300.41974,2011,81.08553200000003,GridPointRequestedAt[42.360N_71.058W],42.375,-71.125,95.630615,91.2813452155346,True,True
2011-07-15T12:00:00Z,GridPointRequestedAt[42.360N_71.058W],42.375,-71.125,300.58844,2011,81.38919200000002,GridPointRequestedAt[42.360N_71.058W],42.375,-71.125,96.545265,92.5842930410942,True,True
2011-07-16T12:00:00Z,GridPointRequestedAt[42.360N_71.058W],42.375,-71.125,299.47437,2011,79.38386600000008,GridPointRequestedAt[42.360N_71.058W],42.375,-71.125,92.895355,84.29160802067534,False,True
2011-07-17T12:00:00Z,GridPointRequestedAt[42.360N_71.058W],42.375,-71.125,301.39346,2011,82.83822800000004,GridPointRequestedAt[42.360N_71.058W],42.375,-71.125,88.459496,93.9089080663069,True,True
2011-07-18T12:00:00Z,GridPointRequestedAt[42.360N_71.058W],42.375,-71.125,302.84592,2011,85.452656,GridPointRequestedAt[42.360N_71.058W],42.375,-71.125,80.27202,98.27458518263963,True,True
2011-07-19T12:00:00Z,GridPointRequestedAt[42.360N_71.058W],42.375,-71.125,301.18484,2011,82.46271200000005,GridPointRequestedAt[42.360N_71.058W],42.375,-71.125,84.19339,91.14931362792302,False,True
2011-07-20T12:00:00Z,GridPointRequestedAt[42.360N_71.058W],42.375,-71.125,302.8385,2011,85.43930000000006,GridPointRequestedAt[42.360N_71.058W],42.375,-71.125,85.34248,100.74530333881704,True,True
2011-07-21T12:00:00Z,GridPointRequestedAt[42.360N_71.058W],42.375,-71.125,303.7356,2011,87.05408,GridPointRequestedAt[42.360N_71.058W],42.375,-71.125,79.68664,102.93875456769085,True,True
2011-07-22T12:00:00Z,GridPointRequestedAt[42.360N_71.058W],42.375,-71.125,300.51312,2011,81.25361600000006,GridPointRequestedAt[42.360N_71.058W],42.375,-71.125,67.23713,84.5818540868253,False,False
2011-07-23T12:00:00Z,GridPointRequestedAt[42.360N_71.058W],42.375,-71.125,297.15472,2011,75.20849600000004,GridPointRequestedAt[42.360N_71.058W],42.375,-71.125,68.901955,75.43811674250003,False,False
2011-07-24T12:00:00Z,GridPointRequestedAt[42.360N_71.058W],42.375,-71.125,296.9668,2011,74.87024,GridPointRequestedAt[42.360N_71.058W],42.375,-71.125,82.72576,75.40780735999999,False,False
2011-07-25T12:00:00Z,GridPointRequestedAt[42.360N_71.058W],42.375,-71.125,301.65912,2011,83.31641599999999,GridPointRequestedAt[42.360N_71.058W],42.375,-71.125,90.17272,96.17194915186924,True,False
2011-07-26T12:00:00Z,GridPointRequestedAt[42.360N_71.058W],42.375,-71.125,299.08997,2011,78.69194600000003,GridPointRequestedAt[42.360N_71.058W],42.375,-71.125,75.54132,79.25176432000004,False,False
2011-07-27T12:00:00Z,GridPointRequestedAt[42.360N_71.058W],42.375,-71.125,296.33514,2011,73.73325200000008,GridPointRequestedAt[42.360N_71.058W],42.375,-71.125,75.02024,74.03289024000009,False,False
2011-07-28T12:00:00Z,GridPointRequestedAt[42.360N_71.058W],42.375,-71.125,297.12885,2011,75.16193000000004,GridPointRequestedAt[42.360N_71.058W],42.375,-71.125,77.129684,75.58257407400004,False,False
2011-07-29T12:00:00Z,GridPointRequestedAt[42.360N_71.058W],42.375,-71.125,300.06326,2011,80.44386800000007,GridPointRequestedAt[42.360N_71.058W],42.375,-71.125,80.69379,85.29960505444897,False,False
2011-07-30T12:00:00Z,GridPointRequestedAt[42.360N_71.058W],42.375,-71.125,300.32434,2011,80.91381200000005,GridPointRequestedAt[42.360N_71.058W],42.375,-71.125,80.241295,86.28122725971245,False,False
2011-08-01T12:00:00Z,GridPointRequestedAt[42.360N_71.058W],42.375,-71.125,296.65555,2011,74.30999000000006,GridPointRequestedAt[42.360N_71.058W],42.375,-71.125,72.760635,74.58536442250005,False,False
2011-08-02T12:00:00Z,GridPointRequestedAt[42.360N_71.058W],42.375,-71.125,295.40735,2011,72.06323000000006,GridPointRequestedAt[42.360N_71.058W],42.375,-71.125,75.788414,72.29741922900007,False,False
2011-08-03T12:00:00Z,GridPointRequestedAt[42.360N_71.058W],42.375,-71.125,296.19342,2011,73.47815600000004,GridPointRequestedAt[42.360N_71.058W],42.375,-71.125,72.93268,73.71598178000005,False,False
2011-08-04T12:00:00Z,GridPointRequestedAt[42.360N_71.058W],42.375,-71.125,296.68903,2011,74.37025400000005,GridPointRequestedAt[42.360N_71.058W],42.375,-71.125,74.781456,74.69613091600004,False,False
2011-08-05T12:00:00Z,GridPointRequestedAt[42.360N_71.058W],42.375,-71.125,296.5795,2011,74.17310000000003,GridPointRequestedAt[42.360N_71.058W],42.375,-71.125,85.9541,74.75167635000003,False,False
2011-08-06T12:00:00Z,GridPointRequestedAt[42.360N_71.058W],42.375,-71.125,297.69604,2011,76.182872,GridPointRequestedAt[42.360N_71.058W],42.375,-71.125,86.49049,76.874542115,False,False
2011-08-07T12:00:00Z,GridPointRequestedAt[42.360N_71.058W],42.375,-71.125,298.1488,2011,76.99784000000002,GridPointRequestedAt[42.360N_71.058W],42.375,-71.125,83.38036,77.65717046000003,False,False
2011-08-08T12:00:00Z,GridPointRequestedAt[42.360N_71.058W],42.375,-71.125,298.55554,2011,77.72997200000006,GridPointRequestedAt[42.360N_71.058W],42.375,-71.125,81.987755,78.39318284250007,False,False
2011-08-09T12:00:00Z,GridPointRequestedAt[42.360N_71.058W],42.375,-71.125,298.39575,2011,77.44235000000008,GridPointRequestedAt[42.360N_71.058W],42.375,-71.125,92.28736,78.33322046000009,False,False
2011-08-10T12:00:00Z,GridPointRequestedAt[42.360N_71.058W],42.375,-71.125,298.9854,2011,78.50372000000009,GridPointRequestedAt[42.360N_71.058W],42.375,-71.125,92.18647,79.4452880450001,False,False
2011-08-11T12:00:00Z,GridPointRequestedAt[42.360N_71.058W],42.375,-71.125,298.8781,2011,78.31058000000007,GridPointRequestedAt[42.360N_71.058W],42.375,-71.125,90.17939,79.19532466500007,False,False
2011-08-12T12:00:00Z,GridPointRequestedAt[42.360N_71.058W],42.375,-71.125,298.85022,2011,78.260396,GridPointRequestedAt[42.360N_71.058W],42.375,-71.125,91.40615,79.171460325,False,False
2011-08-13T12:00:00Z,GridPointRequestedAt[42.360N_71.058W],42.375,-71.125,300.26953,2011,80.81515399999999,GridPointRequestedAt[42.360N_71.058W],42.375,-71.125,90.53063,88.73412983164233,False,False
2011-08-14T12:00:00Z,GridPointRequestedAt[42.360N_71.058W],42.375,-71.125,300.36887,2011,80.99396600000007,GridPointRequestedAt[42.360N_71.058W],42.375,-71.125,94.67986,90.66311281969327,False,False
2011-08-15T12:00:00Z,GridPointRequestedAt[42.360N_71.058W],42.375,-71.125,298.6775,2011,77.94950000000006,GridPointRequestedAt[42.360N_71.058W],42.375,-71.125,86.19503,78.72255820500006,False,False
2011-08-16T12:00:00Z,GridPointRequestedAt[42.360N_71.058W],42.375,-71.125,297.7699,2011,76.31582000000006,GridPointRequestedAt[42.360N_71.058W],42.375,-71.125,75.07386,76.74584671000007,False,False
2011-08-17T12:00:00Z,GridPointRequestedAt[42.360N_71.058W],42.375,-71.125,295.93405,2011,73.01129000000006,GridPointRequestedAt[42.360N_71.058W],42.375,-71.125,73.578354,73.24094581900006,False,False
2011-08-18T12:00:00Z,GridPointRequestedAt[42.360N_71.058W],42.375,-71.125,295.1979,2011,71.68622000000005,GridPointRequestedAt[42.360N_71.058W],42.375,-71.125,71.31058,71.79632963000006,False,False
2011-08-19T12:00:00Z,GridPointRequestedAt[42.360N_71.058W],42.375,-71.125,296.65482,2011,74.30867599999999,GridPointRequestedAt[42.360N_71.058W],42.375,-71.125,76.775955,74.6783447425,False,False
2011-08-20T12:00:00Z,GridPointRequestedAt[42.360N_71.058W],42.375,-71.125,297.9051,2011,76.55918000000005,GridPointRequestedAt[42.360N_71.058W],42.375,-71.125,85.074524,77.23639031400006,False,False
2011-08-21T12:00:00Z,GridPointRequestedAt[42.360N_71.058W],42.375,-71.125,298.16364,2011,77.02455200000001,GridPointRequestedAt[42.360N_71.058W],42.375,-71.125,91.3585,77.87270435000002,False,False
2011-08-22T12:00:00Z,GridPointRequestedAt[42.360N_71.058W],42.375,-71.125,297.8011,2011,76.37198000000008,GridPointRequestedAt[42.360N_71.058W],42.375,-71.125,81.66745,76.95976407500008,False,False
2011-08-23T12:00:00Z,GridPointRequestedAt[42.360N_71.058W],42.375,-71.125,295.16583,2011,71.62849400000009,GridPointRequestedAt[42.360N_71.058W],42.375,-71.125,73.56285,71.7886456750001,False,False
2011-08-24T12:00:00Z,GridPointRequestedAt[42.360N_71.058W],42.375,-71.125,295.39392,2011,72.039056,GridPointRequestedAt[42.360N_71.058W],42.375,-71.125,72.70218,72.19951003,False,False
2011-08-25T12:00:00Z,GridPointRequestedAt[42.360N_71.058W],42.375,-71.125,296.85687,2011,74.67236600000007,GridPointRequestedAt[42.360N_71.058W],42.375,-71.125,80.23608,75.14153218000007,False,False
2011-08-26T12:00:00Z,GridPointRequestedAt[42.360N_71.058W],42.375,-71.125,297.2048,2011,75.29864,GridPointRequestedAt[42.360N_71.058W],42.375,-71.125,85.33257,75.91888739500001,False,False
2011-08-27T12:00:00Z,GridPointRequestedAt[42.360N_71.058W],42.375,-71.125,298.05405,2011,76.82729000000008,GridPointRequestedAt[42.360N_71.058W],42.375,-71.125,89.0158,77.61052580000008,False,False
2011-08-28T12:00:00Z,GridPointRequestedAt[42.360N_71.058W],42.375,-71.125,297.25977,2011,75.39758600000005,GridPointRequestedAt[42.360N_71.058W],42.375,-71.125,86.303894,76.04560680900005,False,False
2011-08-29T12:00:00Z,GridPointRequestedAt[42.360N_71.058W],42.375,-71.125,297.9939,2011,76.71902000000003,GridPointRequestedAt[42.360N_71.058W],42.375,-71.125,84.24128,77.38464108000002,False,False
2011-08-30T12:00:00Z,GridPointRequestedAt[42.360N_71.058W],42.375,-71.125,298.7028,2011,77.99504000000009,GridPointRequestedAt[42.360N_71.058W],42.375,-71.125,86.41712,78.7755943200001,False,False
2011-09-01T12:00:00Z,GridPointRequestedAt[42.360N_71.058W],42.375,-71.125,301.17505,2011,82.44509000000004,GridPointRequestedAt[42.360N_71.058W],42.375,-71.125,82.61271,90.63646831299074,False,False
2011-09-02T12:00:00Z,GridPointRequestedAt[42.360N_71.058W],42.375,-71.125,298.15894,2011,77.01609199999999,GridPointRequestedAt[42.360N_71.058W],42.375,-71.125,85.694084,77.73070757399998,False,False
2011-09-03T12:00:00Z,GridPointRequestedAt[42.360N_71.058W],42.375,-71.125,300.17133,2011,80.63839400000006,GridPointRequestedAt[42.360N_71.058W],42.375,-71.125,85.671104,86.70763425426605,False,False
2011-09-04T12:00:00Z,GridPointRequestedAt[42.360N_71.058W],42.375,-71.125,301.83167,2011,83.627006,GridPointRequestedAt[42.360N_71.058W],42.375,-71.125,90.845924,97.50735862024702,True,False
2011-09-05T12:00:00Z,GridPointRequestedAt[42.360N_71.058W],42.375,-71.125,296.67474,2011,74.34453200000002,GridPointRequestedAt[42.360N_71.058W],42.375,-71.125,71.80167,74.59909784500002,False,False
2011-09-06T12:00:00Z,GridPointRequestedAt[42.360N_71.058W],42.375,-71.125,290.39966,2011,63.04938800000001,GridPointRequestedAt[42.360N_71.058W],42.375,-71.125,65.166374,62.58326718900001,False,False
2011-09-07T12:00:00Z,GridPointRequestedAt[42.360N_71.058W],42.375,-71.125,290.55164,2011,63.32295200000008,GridPointRequestedAt[42.360N_71.058W],42.375,-71.125,73.75601,63.072365835000085,False,False
2011-09-08T12:00:00Z,GridPointRequestedAt[42.360N_71.058W],42.375,-71.125,293.37476,2011,68.40456800000001,GridPointRequestedAt[42.360N_71.058W],42.375,-71.125,89.226425,68.77161738750002,False,False
2011-09-09T12:00:00Z,GridPointRequestedAt[42.360N_71.058W],42.375,-71.125,296.52808,2011,74.08054400000002,GridPointRequestedAt[42.360N_71.058W],42.375,-71.125,94.78482,74.86201447000002,False,False
2011-09-10T12:00:00Z,GridPointRequestedAt[42.360N_71.058W],42.375,-71.125,297.49603,2011,75.82285400000008,GridPointRequestedAt[42.360N_71.058W],42.375,-71.125,89.44114,76.56586349000008,False,False
2011-09-11T12:00:00Z,GridPointRequestedAt[42.360N_71.058W],42.375,-71.125,290.07474,2011,62.46453200000008,GridPointRequestedAt[42.360N_71.058W],42.375,-71.125,62.517647,61.90692330450008,False,False
2011-09-12T12:00:00Z,GridPointRequestedAt[42.360N_71.058W],42.375,-71.125,290.0763,2011,62.46734000000005,GridPointRequestedAt[42.360N_71.058W],42.375,-71.125,68.963844,62.06135733400005,False,False
2011-09-13T12:00:00Z,GridPointRequestedAt[42.360N_71.058W],42.375,-71.125,291.01562,2011,64.15811600000006,GridPointRequestedAt[42.360N_71.058W],42.375,-71.125,75.08969,63.98062951500007,False,False
2011-09-14T12:00:00Z,GridPointRequestedAt[42.360N_71.058W],42.375,-71.125,292.13422,2011,66.1715960000001,GridPointRequestedAt[42.360N_71.058W],42.375,-71.125,84.2893,66.3109743500001,False,False
2011-09-15T12:00:00Z,GridPointRequestedAt[42.360N_71.058W],42.375,-71.125,295.14948,2011,71.59906400000001,GridPointRequestedAt[42.360N_71.058W],42.375,-71.125,92.73385,72.20826267500001,False,False
2011-09-16T12:00:00Z,GridPointRequestedAt[42.360N_71.058W],42.375,-71.125,295.21704,2011,71.72067200000004,GridPointRequestedAt[42.360N_71.058W],42.375,-71.125,86.85964,72.19790714000004,False,False
2011-09-17T12:00:00Z,GridPointRequestedAt[42.360N_71.058W],42.375,-71.125,289.2704,2011,61.01672000000004,GridPointRequestedAt[42.360N_71.058W],42.375,-71.125,67.93948,60.51413378000005,False,False
2011-09-18T12:00:00Z,GridPointRequestedAt[42.360N_71.058W],42.375,-71.125,287.4593,2011,57.756740000000015,GridPointRequestedAt[42.360N_71.058W],42.375,-71.125,67.57988,57.082704180000015,False,False
2011-09-19T12:00:00Z,GridPointRequestedAt[42.360N_71.058W],42.375,-71.125,291.2397,2011,64.5614600000001,GridPointRequestedAt[42.360N_71.058W],42.375,-71.125,80.85351,64.5395904850001,False,False
2011-09-20T12:00:00Z,GridPointRequestedAt[42.360N_71.058W],42.375,-71.125,294.15762,2011,69.81371600000006,GridPointRequestedAt[42.360N_71.058W],42.375,-71.125,93.758606,70.35772904100006,False,False
2011-09-21T12:00:00Z,GridPointRequestedAt[42.360N_71.058W],42.375,-71.125,294.8789,2011,71.11202000000002,GridPointRequestedAt[42.360N_71.058W],42.375,-71.125,93.125885,71.70607929750003,False,False
2011-09-22T12:00:00Z,GridPointRequestedAt[42.360N_71.058W],42.375,-71.125,295.73035,2011,72.64463000000002,GridPointRequestedAt[42.360N_71.058W],42.375,-71.125,92.47367,73.29999274500003,False,False
2011-09-23T12:00:00Z,GridPointRequestedAt[42.360N_71.058W],42.375,-71.125,296.04794,2011,73.21629200000001,GridPointRequestedAt[42.360N_71.058W],42.375,-71.125,92.531555,73.9015981425,False,False
2011-09-24T12:00:00Z,GridPointRequestedAt[42.360N_71.058W],42.375,-71.125,297.04736,2011,75.01524800000008,GridPointRequestedAt[42.360N_71.058W],42.375,-71.125,89.68443,75.7235945050001,False,False
2011-09-25T12:00:00Z,GridPointRequestedAt[42.360N_71.058W],42.375,-71.125,296.96735,2011,74.87123000000005,GridPointRequestedAt[42.360N_71.058W],42.375,-71.125,86.59205,75.49970467500006,False,False
2011-09-26T12:00:00Z,GridPointRequestedAt[42.360N_71.058W],42.375,-71.125,295.10223,2011,71.51401400000007,GridPointRequestedAt[42.360N_71.058W],42.375,-71.125,89.51735,72.04337242500009,False,False
2011-09-27T12:00:00Z,GridPointRequestedAt[42.360N_71.058W],42.375,-71.125,289.79446,2011,61.96002800000007,GridPointRequestedAt[42.360N_71.058W],42.375,-71.125,78.894196,61.76204300600008,False,False
2011-09-28T12:00:00Z,GridPointRequestedAt[42.360N_71.058W],42.375,-71.125,286.47577,2011,55.98638600000006,GridPointRequestedAt[42.360N_71.058W],42.375,-71.125,67.49144,55.221754140000066,False,False
2011-09-29T12:00:00Z,GridPointRequestedAt[42.360N_71.058W],42.375,-71.125,286.6167,2011,56.24006000000001,GridPointRequestedAt[42.360N_71.058W],42.375,-71.125,71.54136,55.58328496,False,False
2011-09-30T12:00:00Z,GridPointRequestedAt[42.360N_71.058W],42.375,-71.125,289.82855,2011,62.02139000000005,GridPointRequestedAt[42.360N_71.058W],42.375,-71.125,76.58747,61.772265045000054,False,False
2011-10-01T12:00:00Z,GridPointRequestedAt[42.360N_71.058W],42.375,-71.125,293.05353,2011,67.82635400000008,GridPointRequestedAt[42.360N_71.058W],42.375,-71.125,87.78114,68.13052849000009,False,False
2011-10-02T12:00:00Z,GridPointRequestedAt[42.360N_71.058W],42.375,-71.125,292.61493,2011,67.03687400000007,GridPointRequestedAt[42.360N_71.058W],42.375,-71.125,92.99208,67.42403158000008,False,False
2011-10-03T12:00:00Z,GridPointRequestedAt[42.360N_71.058W],42.375,-71.125,292.45886,2011,66.75594800000007,GridPointRequestedAt[42.360N_71.058W],42.375,-71.125,90.573135,67.07221407250009,False,False
2011-10-04T12:00:00Z,GridPointRequestedAt[42.360N_71.058W],42.375,-71.125,293.12524,2011,67.95543200000007,GridPointRequestedAt[42.360N_71.058W],42.375,-71.125,89.62139,68.30930626500009,False,False
2011-10-05T12:00:00Z,GridPointRequestedAt[42.360N_71.058W],42.375,-71.125,293.85425,2011,69.26765,GridPointRequestedAt[42.360N_71.058W],42.375,-71.125,89.520294,69.68475940900001,False,False
2011-10-06T12:00:00Z,GridPointRequestedAt[42.360N_71.058W],42.375,-71.125,294.6327,2011,70.66886000000004,GridPointRequestedAt[42.360N_71.058W],42.375,-71.125,87.63025,71.11161387500005,False,False
2011-10-07T12:00:00Z,GridPointRequestedAt[42.360N_71.058W],42.375,-71.125,295.93027,2011,73.00448600000006,GridPointRequestedAt[42.360N_71.058W],42.375,-71.125,87.5627,73.56243375000005,False,False
2011-10-08T12:00:00Z,GridPointRequestedAt[42.360N_71.058W],42.375,-71.125,294.67285,2011,70.74113000000001,GridPointRequestedAt[42.360N_71.058W],42.375,-71.125,83.82281,71.09802253500001,False,False
2011-10-09T12:00:00Z,GridPointRequestedAt[42.360N_71.058W],42.375,-71.125,290.18726,2011,62.66706800000001,GridPointRequestedAt[42.360N_71.058W],42.375,-71.125,68.853905,62.26848816750001,False,False
2011-10-10T12:00:00Z,GridPointRequestedAt[42.360N_71.058W],42.375,-71.125,288.7176,2011,60.021680000000046,GridPointRequestedAt[42.360N_71.058W],42.375,-71.125,65.40474,59.40977539000005,False,False
2011-10-11T12:00:00Z,GridPointRequestedAt[42.360N_71.058W],42.375,-71.125,290.72415,2011,63.63347000000006,GridPointRequestedAt[42.360N_71.058W],42.375,-71.125,75.70105,63.444118175000064,False,False
2011-10-12T12:00:00Z,GridPointRequestedAt[42.360N_71.058W],42.375,-71.125,288.75653,2011,60.09175400000004,GridPointRequestedAt[42.360N_71.058W],42.375,-71.125,71.56212,59.62805152000004,False,False
2011-10-13T12:00:00Z,GridPointRequestedAt[42.360N_71.058W],42.375,-71.125,287.08502,2011,57.083036000000014,GridPointRequestedAt[42.360N_71.058W],42.375,-71.125,66.1775,56.34235905000001,False,False
2011-10-14T12:00:00Z,GridPointRequestedAt[42.360N_71.058W],42.375,-71.125,286.1548,2011,55.40864000000008,GridPointRequestedAt[42.360N_71.058W],42.375,-71.125,68.503136,54.63889569600008,False,False
2011-10-15T12:00:00Z,GridPointRequestedAt[42.360N_71.058W],42.375,-71.125,286.20154,2011,55.49277200000008,GridPointRequestedAt[42.360N_71.058W],42.375,-71.125,69.32383,54.746520605000086,False,False
2011-10-16T12:00:00Z,GridPointRequestedAt[42.360N_71.058W],42.375,-71.125,291.11945,2011,64.34500999999999,GridPointRequestedAt[42.360N_71.058W],42.375,-71.125,79.949486,64.291073421,False,False
2011-10-17T12:00:00Z,GridPointRequestedAt[42.360N_71.058W],42.375,-71.125,292.1602,2011,66.21835999999999,GridPointRequestedAt[42.360N_71.058W],42.375,-71.125,81.32023,66.29030340499999,False,False
2011-10-18T12:00:00Z,GridPointRequestedAt[42.360N_71.058W],42.375,-71.125,292.83725,2011,67.43705000000001,GridPointRequestedAt[42.360N_71.058W],42.375,-71.125,85.335075,67.66427676250001,False,False
2011-10-19T12:00:00Z,GridPointRequestedAt[42.360N_71.058W],42.375,-71.125,294.21756,2011,69.92160800000002,GridPointRequestedAt[42.360N_71.058W],42.375,-71.125,89.3089,70.36644755000002,False,False
2011-10-20T12:00:00Z,GridPointRequestedAt[42.360N_71.058W],42.375,-71.125,293.89044,2011,69.33279200000007,GridPointRequestedAt[42.360N_71.058W],42.375,-71.125,93.74575,69.85245672500007,False,False
2011-10-21T12:00:00Z,GridPointRequestedAt[42.360N_71.058W],42.375,-71.125,293.24942,2011,68.17895600000001,GridPointRequestedAt[42.360N_71.058W],42.375,-71.125,94.345024,68.65501186400002,False,False
2011-10-22T12:00:00Z,GridPointRequestedAt[42.360N_71.058W],42.375,-71.125,294.52527,2011,70.475486,GridPointRequestedAt[42.360N_71.058W],42.375,-71.125,86.974594,70.893163259,False,False
2011-10-23T12:00:00Z,GridPointRequestedAt[42.360N_71.058W],42.375,-71.125,290.44464,2011,63.13035200000003,GridPointRequestedAt[42.360N_71.058W],42.375,-71.125,88.00483,63.20498310500003,False,False
2011-10-24T12:00:00Z,GridPointRequestedAt[42.360N_71.058W],42.375,-71.125,284.2713,2011,52.01834000000004,GridPointRequestedAt[42.360N_71.058W],42.375,-71.125,68.25416,51.073229760000046,False,False
2011-10-25T12:00:00Z,GridPointRequestedAt[42.360N_71.058W],42.375,-71.125,284.46304,2011,52.363472,GridPointRequestedAt[42.360N_71.058W],42.375,-71.125,69.01901,51.453592335,False,False
2011-10-26T12:00:00Z,GridPointRequestedAt[42.360N_71.058W],42.375,-71.125,282.9995,2011,49.72910000000006,GridPointRequestedAt[42.360N_71.058W],42.375,-71.125,69.094154,48.68926761900006,False,False
2011-10-27T12:00:00Z,GridPointRequestedAt[42.360N_71.058W],42.375,-71.125,285.12277,2011,53.55098600000005,GridPointRequestedAt[42.360N_71.058W],42.375,-71.125,76.48172,52.875855720000054,False,False
2011-10-28T12:00:00Z,GridPointRequestedAt[42.360N_71.058W],42.375,-71.125,288.11713,2011,58.940834,GridPointRequestedAt[42.360N_71.058W],42.375,-71.125,86.08283,58.760822205,False,False
2011-10-29T12:00:00Z,GridPointRequestedAt[42.360N_71.058W],42.375,-71.125,287.90997,2011,58.56794600000002,GridPointRequestedAt[42.360N_71.058W],42.375,-71.125,83.63963,58.31187460500002,False,False
2011-10-30T12:00:00Z,GridPointRequestedAt[42.360N_71.058W],42.375,-71.125,285.78815,2011,54.74866999999999,GridPointRequestedAt[42.360N_71.058W],42.375,-71.125,84.302635,54.317215422499984,False,False
2011-11-01T12:00:00Z,GridPointRequestedAt[42.360N_71.058W],42.375,-71.125,284.42377,2011,52.29278600000002,GridPointRequestedAt[42.360N_71.058W],42.375,-71.125,76.42412,51.55339212000003,False,False
2011-11-02T12:00:00Z,GridPointRequestedAt[42.360N_71.058W],42.375,-71.125,285.43066,2011,54.10518800000002,GridPointRequestedAt[42.360N_71.058W],42.375,-71.125,74.899506,53.42058579100002,False,False
2011-11-03T12:00:00Z,GridPointRequestedAt[42.360N_71.058W],42.375,-71.125,288.4356,2011,59.51408000000008,GridPointRequestedAt[42.360N_71.058W],42.375,-71.125,86.75932,59.37862802000008,False,False
2011-11-04T12:00:00Z,GridPointRequestedAt[42.360N_71.058W],42.375,-71.125,283.72458,2011,51.03424400000005,GridPointRequestedAt[42.360N_71.058W],42.375,-71.125,75.15775,50.20216332500006,False,False
2011-11-05T12:00:00Z,GridPointRequestedAt[42.360N_71.058W],42.375,-71.125,284.06934,2011,51.654812000000064,GridPointRequestedAt[42.360N_71.058W],42.375,-71.125,72.21803,50.78467630500006,False,False
2011-11-06T12:00:00Z,GridPointRequestedAt[42.360N_71.058W],42.375,-71.125,283.33795,2011,50.33831,GridPointRequestedAt[42.360N_71.058W],42.375,-71.125,71.89697,49.394804295,False,False
2011-11-07T12:00:00Z,GridPointRequestedAt[42.360N_71.058W],42.375,-71.125,281.7215,2011,47.42870000000003,GridPointRequestedAt[42.360N_71.058W],42.375,-71.125,69.222435,46.27686222250003,False,False
2011-11-08T12:00:00Z,GridPointRequestedAt[42.360N_71.058W],42.375,-71.125,281.97302,2011,47.88143600000008,GridPointRequestedAt[42.360N_71.058W],42.375,-71.125,73.61063,46.85535760500008,False,False
2011-11-09T12:00:00Z,GridPointRequestedAt[42.360N_71.058W],42.375,-71.125,282.44638,2011,48.733484,GridPointRequestedAt[42.360N_71.058W],42.375,-71.125,80.8728,47.920669000000004,False,False
2011-11-10T12:00:00Z,GridPointRequestedAt[42.360N_71.058W],42.375,-71.125,286.93732,2011,56.81717600000004,GridPointRequestedAt[42.360N_71.058W],42.375,-71.125,93.7354,56.710816700000045,False,False
2011-11-11T12:00:00Z,GridPointRequestedAt[42.360N_71.058W],42.375,-71.125,285.13126,2011,53.56626800000004,GridPointRequestedAt[42.360N_71.058W],42.375,-71.125,81.555275,53.01113036250004,False,False
2011-11-12T12:00:00Z,GridPointRequestedAt[42.360N_71.058W],42.375,-71.125,283.60162,2011,50.81291600000009,GridPointRequestedAt[42.360N_71.058W],42.375,-71.125,82.20755,50.13543922500009,False,False
2011-11-13T12:00:00Z,GridPointRequestedAt[42.360N_71.058W],42.375,-71.125,287.98468,2011,58.702424000000086,GridPointRequestedAt[42.360N_71.058W],42.375,-71.125,88.83685,58.57521117500009,False,False
2011-11-14T12:00:00Z,GridPointRequestedAt[42.360N_71.058W],42.375,-71.125,284.1585,2011,51.81530000000005,GridPointRequestedAt[42.360N_71.058W],42.375,-71.125,91.68618,51.41069023000006,False,False
2011-11-15T12:00:00Z,GridPointRequestedAt[42.360N_71.058W],42.375,-71.125,281.60196,2011,47.21352800000008,GridPointRequestedAt[42.360N_71.058W],42.375,-71.125,72.426735,46.12623267250009,False,False
2011-11-16T12:00:00Z,GridPointRequestedAt[42.360N_71.058W],42.375,-71.125,280.30554,2011,44.87997200000005,GridPointRequestedAt[42.360N_71.058W],42.375,-71.125,64.67779,43.49389866500005,False,False
2011-11-17T12:00:00Z,GridPointRequestedAt[42.360N_71.058W],42.375,-71.125,279.02338,2011,42.572084,GridPointRequestedAt[42.360N_71.058W],42.375,-71.125,77.35734,41.368585689999996,False,False
2011-11-18T12:00:00Z,GridPointRequestedAt[42.360N_71.058W],42.375,-71.125,280.9973,2011,46.12514000000003,GridPointRequestedAt[42.360N_71.058W],42.375,-71.125,91.47872,45.43114692000003,False,False
2011-11-19T12:00:00Z,GridPointRequestedAt[42.360N_71.058W],42.375,-71.125,279.3708,2011,43.19743999999999,GridPointRequestedAt[42.360N_71.058W],42.375,-71.125,81.404655,42.120321392499996,False,False
2011-11-20T12:00:00Z,GridPointRequestedAt[42.360N_71.058W],42.375,-71.125,274.89862,2011,35.14751600000003,GridPointRequestedAt[42.360N_71.058W],42.375,-71.125,65.35724,33.29078694000003,False,False
2011-11-21T12:00:00Z,GridPointRequestedAt[42.360N_71.058W],42.375,-71.125,276.20038,2011,37.49068400000003,GridPointRequestedAt[42.360N_71.058W],42.375,-71.125,67.16473,35.79358935500004,False,False
2011-11-22T12:00:00Z,GridPointRequestedAt[42.360N_71.058W],42.375,-71.125,279.4853,2011,43.40354000000004,GridPointRequestedAt[42.360N_71.058W],42.375,-71.125,85.88716,42.44206526000005,False,False
2011-11-23T12:00:00Z,GridPointRequestedAt[42.360N_71.058W],42.375,-71.125,280.14642,2011,44.593556,GridPointRequestedAt[42.360N_71.058W],42.375,-71.125,81.79035,43.595307025,False,False
2011-11-24T12:00:00Z,GridPointRequestedAt[42.360N_71.058W],42.375,-71.125,278.6972,2011,41.98496000000006,GridPointRequestedAt[42.360N_71.058W],42.375,-71.125,76.08402,40.722182470000064,False,False
2011-11-25T12:00:00Z,GridPointRequestedAt[42.360N_71.058W],42.375,-71.125,279.5794,2011,43.57292000000008,GridPointRequestedAt[42.360N_71.058W],42.375,-71.125,74.128395,42.34358328250009,False,False
2011-11-26T12:00:00Z,GridPointRequestedAt[42.360N_71.058W],42.375,-71.125,281.96048,2011,47.85886400000008,GridPointRequestedAt[42.360N_71.058W],42.375,-71.125,86.02185,47.12332067500009,False,False
2011-11-27T12:00:00Z,GridPointRequestedAt[42.360N_71.058W],42.375,-71.125,284.28125,2011,52.03625000000004,GridPointRequestedAt[42.360N_71.058W],42.375,-71.125,94.83722,51.716737170000044,False,False
2011-11-28T12:00:00Z,GridPointRequestedAt[42.360N_71.058W],42.375,-71.125,283.22034,2011,50.12661200000008,GridPointRequestedAt[42.360N_71.058W],42.375,-71.125,85.581696,49.49411245600008,False,False
2011-11-29T12:00:00Z,GridPointRequestedAt[42.360N_71.058W],42.375,-71.125,280.20856,2011,44.705408,GridPointRequestedAt[42.360N_71.058W],42.375,-71.125,73.108116,43.508719126,False,False
2011-11-30T12:00:00Z,GridPointRequestedAt[42.360N_71.058W],42.375,-71.125,277.29645,2011,39.46361000000003,GridPointRequestedAt[42.360N_71.058W],42.375,-71.125,66.14057,37.84109389500003,False,False
2011-12-01T12:00:00Z,GridPointRequestedAt[42.360N_71.058W],42.375,-71.125,275.90326,2011,36.95586800000002,GridPointRequestedAt[42.360N_71.058W],42.375,-71.125,63.238094,35.13975660900002,False,False
2011-12-02T12:00:00Z,GridPointRequestedAt[42.360N_71.058W],42.375,-71.125,276.66098,2011,38.31976400000004,GridPointRequestedAt[42.360N_71.058W],42.375,-71.125,66.31465,36.64414647500004,False,False
2011-12-03T12:00:00Z,GridPointRequestedAt[42.360N_71.058W],42.375,-71.125,278.1515,2011,41.00270000000004,GridPointRequestedAt[42.360N_71.058W],42.375,-71.125,73.32538,39.62598143000004,False,False
2011-12-04T12:00:00Z,GridPointRequestedAt[42.360N_71.058W],42.375,-71.125,276.391,2011,37.83380000000008,GridPointRequestedAt[42.360N_71.058W],42.375,-71.125,71.374794,36.25279765900008,False,False
2011-12-05T12:00:00Z,GridPointRequestedAt[42.360N_71.058W],42.375,-71.125,277.3318,2011,39.52724000000002,GridPointRequestedAt[42.360N_71.058W],42.375,-71.125,68.5167,37.96374445000002,False,False
2011-12-06T12:00:00Z,GridPointRequestedAt[42.360N_71.058W],42.375,-71.125,277.6074,2011,40.02332000000001,GridPointRequestedAt[42.360N_71.058W],42.375,-71.125,67.97018,38.47178523000001,False,False
2011-12-07T12:00:00Z,GridPointRequestedAt[42.360N_71.058W],42.375,-71.125,277.77234,2011,40.32021200000001,GridPointRequestedAt[42.360N_71.058W],42.375,-71.125,75.86947,38.969155145000016,False,False
2011-12-08T12:00:00Z,GridPointRequestedAt[42.360N_71.058W],42.375,-71.125,278.5169,2011,41.66042000000008,GridPointRequestedAt[42.360N_71.058W],42.375,-71.125,78.42835,40.436507225000085,False,False
2011-12-09T12:00:00Z,GridPointRequestedAt[42.360N_71.058W],42.375,-71.125,276.305,2011,37.67900000000005,GridPointRequestedAt[42.360N_71.058W],42.375,-71.125,67.662506,36.00301889100005,False,False
2011-12-10T12:00:00Z,GridPointRequestedAt[42.360N_71.058W],42.375,-71.125,276.57874,2011,38.171732000000006,GridPointRequestedAt[42.360N_71.058W],42.375,-71.125,71.1469,36.60227075,False,False
2011-12-11T12:00:00Z,GridPointRequestedAt[42.360N_71.058W],42.375,-71.125,277.8216,2011,40.408880000000025,GridPointRequestedAt[42.360N_71.058W],42.375,-71.125,72.58194,38.98499959000002,False,False
2011-12-12T12:00:00Z,GridPointRequestedAt[42.360N_71.058W],42.375,-71.125,278.18985,2011,41.07173,GridPointRequestedAt[42.360N_71.058W],42.375,-71.125,76.95871,39.783846185,False,False
2011-12-13T12:00:00Z,GridPointRequestedAt[42.360N_71.058W],42.375,-71.125,280.38208,2011,45.01774399999999,GridPointRequestedAt[42.360N_71.058W],42.375,-71.125,80.947075,44.02088746249999,False,False
2011-12-14T12:00:00Z,GridPointRequestedAt[42.360N_71.058W],42.375,-71.125,284.83853,2011,53.03935400000002,GridPointRequestedAt[42.360N_71.058W],42.375,-71.125,82.57415,52.48181422500002,False,False
2011-12-15T12:00:00Z,GridPointRequestedAt[42.360N_71.058W],42.375,-71.125,283.11877,2011,49.94378600000001,GridPointRequestedAt[42.360N_71.058W],42.375,-71.125,75.60248,49.06763358000001,False,False
2011-12-16T12:00:00Z,GridPointRequestedAt[42.360N_71.058W],42.375,-71.125,280.62732,2011,45.45917600000004,GridPointRequestedAt[42.360N_71.058W],42.375,-71.125,78.39044,44.424310140000046,False,False
2011-12-17T12:00:00Z,GridPointRequestedAt[42.360N_71.058W],42.375,-71.125,281.98822,2011,47.90879600000007,GridPointRequestedAt[42.360N_71.058W],42.375,-71.125,86.154144,47.17885818400008,False,False
2011-12-18T12:00:00Z,GridPointRequestedAt[42.360N_71.058W],42.375,-71.125,277.49902,2011,39.82823599999999,GridPointRequestedAt[42.360N_71.058W],42.375,-71.125,68.064766,38.26916980099999,False,False
2011-12-19T12:00:00Z,GridPointRequestedAt[42.360N_71.058W],42.375,-71.125,276.71487,2011,38.41676600000008,GridPointRequestedAt[42.360N_71.058W],42.375,-71.125,63.771828,36.686242258000085,False,False
2011-12-20T12:00:00Z,GridPointRequestedAt[42.360N_71.058W],42.375,-71.125,276.4507,2011,37.941260000000014,GridPointRequestedAt[42.360N_71.058W],42.375,-71.125,61.571316,36.13524892600002,False,False
2011-12-21T12:00:00Z,GridPointRequestedAt[42.360N_71.058W],42.375,-71.125,274.7548,2011,34.888640000000024,GridPointRequestedAt[42.360N_71.058W],42.375,-71.125,62.98674,32.96326039000002,False,False
2011-12-22T12:00:00Z,GridPointRequestedAt[42.360N_71.058W],42.375,-71.125,276.88272,2011,38.71889600000005,GridPointRequestedAt[42.360N_71.058W],42.375,-71.125,77.14228,37.31768438000006,False,False
2011-12-23T12:00:00Z,GridPointRequestedAt[42.360N_71.058W],42.375,-71.125,274.54797,2011,34.51634600000008,GridPointRequestedAt[42.360N_71.058W],42.375,-71.125,73.9841,32.830789650000085,False,False
2011-12-24T12:00:00Z,GridPointRequestedAt[42.360N_71.058W],42.375,-71.125,269.90765,2011,26.16377000000002,GridPointRequestedAt[42.360N_71.058W],42.375,-71.125,63.86949,23.822891515000023,False,False
2011-12-25T12:00:00Z,GridPointRequestedAt[42.360N_71.058W],42.375,-71.125,270.0767,2011,26.468060000000072,GridPointRequestedAt[42.360N_71.058W],42.375,-71.125,65.99369,24.192314715000073,False,False
2011-12-26T12:00:00Z,GridPointRequestedAt[42.360N_71.058W],42.375,-71.125,271.41525,2011,28.877450000000067,GridPointRequestedAt[42.360N_71.058W],42.375,-71.125,63.267666,26.65811265100007,False,False
2011-12-27T12:00:00Z,GridPointRequestedAt[42.360N_71.058W],42.375,-71.125,269.41913,2011,25.284434000000036,GridPointRequestedAt[42.360N_71.058W],42.375,-71.125,64.927284,22.924446874000036,False,False
2011-12-28T12:00:00Z,GridPointRequestedAt[42.360N_71.058W],42.375,-71.125,267.3882,2011,21.62876000000001,GridPointRequestedAt[42.360N_71.058W],42.375,-71.125,71.15307,19.232295145000016,False,False
2011-12-29T12:00:00Z,GridPointRequestedAt[42.360N_71.058W],42.375,-71.125,271.4092,2011,28.86656000000004,GridPointRequestedAt[42.360N_71.058W],42.375,-71.125,69.42487,26.79137244500004,False,False
2011-12-30T12:00:00Z,GridPointRequestedAt[42.360N_71.058W],42.375,-71.125,274.16443,2011,33.82597400000001,GridPointRequestedAt[42.360N_71.058W],42.375,-71.125,70.48239,32.02360886500001,False,False
